APC	ARID1A	ARID1B	ATM	BAP1	BID	BRCA1	BRCA2	CASP8	CDH1	CDKN1B	CDKN2A	CHEK1	CTCF	GATA3	MLH1	NCOR1	NF1	PTEN	PTPN22	PTPRD	RAD51	RB1	RUNX1	SETD2	STK11	TP53	MKI67
APC	0.148067990176668	-0.0244749234513104	-0.00553743932349772	0.0750364338858776	-0.116949975412902	-0.217154039398523	-0.0315253654667867	-0.0173443687703696	-0.0828160891208632	0.0348133512177961	0.0880925842685819	0	-0.0074727564646842	-0.0305909845716706	-0.0744583582495679	0.00592134671405068	-0.0792030008034091	-0.0142293322268122	-0.0762151389928302	-0.0151154230557875	0	-0.143576152644028	-0.095540465905521	-0.0871921308367069	0.189270882214636	0.273674437640068	0.222701721656657	-0.116439713284363
ARID1A	-0.032443119686811	-0.0393697601873873	0.0430108749878307	0.0952687504013499	-0.12270333230516	-0.0623553215661565	-0.0288991887880756	-0.158180219682382	0.0293379376076825	-0.0552689913908355	-0.0507615721763565	0	0.0592982756425074	-0.0164475592765424	0.106028963528869	-0.102279064232019	0.047845964642857	0.123170886509561	0.0224195669287987	-0.0210972472418289	0	-0.117126416353821	0.00864050918433167	0.070639049526971	-0.134496794528384	0.0455875578071328	-0.00828361020474004	-0.0926135097020094
ARID1B	-0.0138377029236803	0.0509400240990729	-0.0469353874874096	-0.0111662587470947	-0.0752379690754564	-0.0211573195870174	-0.0410385498868131	0.0341660185771279	-0.0289627086073141	-0.0475559318788777	-0.090041828136184	0	0.0861732373688825	0.00995826424748376	-0.108774903983053	-0.0497748527650595	-0.0476177235277649	0.0952985179969609	0.064772378194746	-0.0204151438421544	0	0.0297778962308834	0.041394510049055	0.0575446884985727	0.128933720019414	-0.0485799334189254	0.0658592424798689	-0.01584421477094
ATM	-0.0168218768309121	0.0719298207479862	-0.0363351045983757	0.0140016676782909	0.114597114478002	-0.0747344340202104	-0.0590197438708934	0.0237095921155012	0.0712558660260852	0.0205966730022422	-0.049108939360136	0	-0.0421957649397302	0.100824394597329	-0.00221966051297998	-0.0123823916828513	-0.0500781872291967	0.0577017898987987	0.131260457171563	-0.0180749032758063	0	-0.0891693978123192	0.0547314763182066	-0.0934356265374794	-0.045312760651946	0.146655745907574	0.19310197300038	-0.0997044490749155
BAP1	-0.0254430053945104	0.090434013442997	0.202610074371283	0.00754664144978142	-0.109980925049512	-0.0550430686079487	-0.121292377530923	-0.105818970003079	0.0417445684768111	-0.0488506206577325	0.0141532664115182	0	0.0401391520319901	-0.11083821191203	-0.0638258145325329	-0.0323548184317286	-0.00923087359844684	-0.00944065975907818	0.0749013152384786	0.0388221060673677	0	-0.0826992913123827	0.0698882412335282	0.040328344060202	-0.139353909320128	-0.0726684785522241	0.0215867188063049	-0.137010356651773
BID	-0.0259490418729111	-0.0274205837139007	0.0323386089670016	0.0273312657523293	-0.0539406569677329	-0.0719967662934074	-0.0952835782441842	-0.031775620226995	-0.157563269985137	-0.0564041775139674	-0.120967389077975	0	0.0671037042637832	0.00865212975029145	0.0526468214965377	-0.00218733536524886	0.053407340696918	0.154539279453668	0.0513047360645069	-0.0180764366124691	0	-0.110373403331781	0.0370961324451051	-0.0498240084676345	-0.044466951936523	0.00894273592772151	0.053254031295671	-0.15094858785718
BRCA1	0.0800214167246101	0.0434801992385993	-0.0502781749984802	-0.0281168098363676	0.0360190708263245	-0.0982484591903082	0.0182987954928732	-0.0408626676560433	-0.0526450653868259	0.0055034385459638	-0.02319465033949	0	-0.061926116036736	0.120025970848571	0.033850204006225	0.0732287841504276	0.0428037208845763	-0.0864566831091545	-0.104655778334991	0.0383961186890888	0	-0.0522288415811992	-0.155457609423495	0.0129094636126607	-0.0547674803070669	0.0360130209827429	0.00827733165153397	-0.0186003997096467
BRCA2	0.0228696697945643	-0.0229632267708594	0.00348416468107631	-0.00806361082218837	-0.082115114476395	-0.0193810812325656	-0.0583332245829079	-0.060042512111219	0.0823133590366295	-0.0522300023370682	0.00309209027578328	0	0.0273198389118519	0.00124168680913128	-0.00118150179848975	-0.0091038005697418	0.0297614020282368	0.0447458421253959	0.0695940610652102	-0.0168129204632891	0	-0.0581342658389159	0.00688316291759265	-0.0140371892684961	-0.0881339664762651	-0.0064143528708492	-0.00891721715668392	-0.101499049437562
CASP8	-0.0220834774707052	-0.000357748386128847	-0.0114944540217296	-0.044869088389629	-0.00527223275812855	-0.0441452864079102	-0.045649501495227	0.103288290736621	0.185945843131591	-0.0320577802724399	-0.09957358598154	0	-0.0343572357780148	-0.038201973331535	-0.0553440025731956	-0.000762830246977203	-0.00439510793628365	-0.0370364281708412	0.0613528309763095	-0.018570383715588	0	-0.046900238613625	-0.0628977858328631	0.0417672806614943	0.0713681250931273	-0.0198405450964059	-0.0467674537288567	-0.0748488898688397
CDH1	0.00212026145975704	0.0640515350509178	0.146498108474978	-0.0565502204690671	-0.0990004473361064	-0.0764179530199723	0.00242433024452157	-0.129490436649587	0.0603132400722691	-0.159011805031463	0.0135896251335915	0	0.145859308738427	-0.0224245191066013	-0.0521370201626195	0.0975306841154757	0.0596082328205082	-0.0422206566447646	0.0259193439454112	-0.0151085421974538	0	-0.0261418692136621	-0.162222471364975	0.0370666701792944	-0.170925845403304	0.0951018307951844	0.00375520397784043	-0.0113100289185558
CDKN1B	-0.0473201976106426	-0.0252703744048186	-0.0416439970092414	-0.121198039222171	0.0769078192880305	0.0383841062312303	-0.112153844191916	-0.0961261064923443	-0.0724556068617604	0.0226647542649483	0.00986733347108955	0	-0.00221145252150094	0.010817071171386	-0.0260489619340177	0.0455807796641497	0.0459830701298056	0.0294920210907196	0.0982364152965277	-0.0178425830575383	0	-0.0249284653471633	-0.0713026677860222	0.102887919142115	0.151399418648807	0.0777879841273942	-0.0385670573755055	-0.050090095728027
CDKN2A	-0.135868818723069	-0.100539980401088	-0.0541150440099373	-0.0210051341156989	0.0108449820868728	-0.0183108956923089	-0.118731318147651	-0.00793925395038927	0.0699304445648542	-0.0196877915732467	0.0397756866959993	0	0.0780225577183492	0.0812896800993684	-0.10945349976329	-0.113477640453041	0.040946690160845	-0.0940223349698905	0.0324606644727445	-0.0150012341644124	0	-0.158795172054099	0.0391825207165414	-0.0800954314034818	-0.170743048333477	0.0335411793427246	0.0321514264268769	-0.147172144347882
CHEK1	-0.0890788295419035	-0.0308861585945644	0.108024287657205	-0.0478285508722707	-0.0800410236751351	-0.0122249662338514	-0.0527389462247969	-0.0342945094828621	0.154593611608827	-0.12210176104032	-0.0823085693751431	0	0.0480110856063491	-0.0853525960694252	0.0920145550197755	-0.17413680480368	0.00380797732166413	-0.0822824210757785	0.00956541277452179	-0.0176283870487209	0	0.0127361190912718	0.0401350707046832	-0.0340128446001677	-0.000942039773215862	-0.0935149728651305	-0.0267985632324264	-0.0473467973526684
CTCF	0.00278265811514214	0.0510771889607296	-0.0131962958451553	0.0121960840260364	-0.0502598524773721	-0.192435798887716	-0.136195540488952	-0.0522791934441341	-0.0315755362034414	-0.125022169208757	0.013477771531639	0	-0.0829644901181613	-0.0357866129265005	0.00302735060207534	0.0121213395111162	-0.0662707751099292	-0.0872504631933499	0.05134643251309	0.0612482774694501	0	-0.0602629597611537	-0.0890136707872954	0.000733043275981125	0.0302857959354319	-0.0142519573069094	-0.117026114265227	-0.122160458991273
GATA3	0.117749153482058	-0.0354668967528643	0.0144069546278105	-0.0795642433057654	-0.012684305301341	-0.0676223822025627	-0.0568907151158076	-0.0803023624718391	0.143633882096054	-0.014689856355721	-0.0086031812661276	0	-0.0497763817054036	0.0240798022034631	0.0339138911781958	0.0153693436825244	0.0962695137988595	0.018405868145991	0.103986411403252	-0.0180584344557043	0	-0.118015261694832	-0.0751211181641701	0.0115207156859646	0.0533238407511799	0.0428172669097645	0.051711962393887	-0.128594346104319
MLH1	-0.0384309391197567	0.0389157149602479	0.0645329837355295	0.066542972111113	-0.0963349682971182	-0.0178861977603795	-0.080426706422068	0.0120696993836409	0.00786208934767636	-0.114694704970426	-0.104768075166982	0	0.00737977016314264	0.0272872734749084	-0.020314539390162	-0.0750470704138847	0.00581645840886931	-0.0403203279139229	0.0078228439618578	-0.0174094555603754	0	-0.0529574712841456	-0.110745629076887	-0.000776407006780923	-0.0122155629984686	0.177070172630102	-0.0418981342648453	-0.0246097680945777
MLL2	0.0440351225038749	-0.0274756166756561	-0.0337599646552955	-0.106677395140711	-0.0796612029950662	-0.0983675651739272	-0.0957860064647369	-0.101001412449247	0.0566059145876766	-0.0553526668352224	0.0486426049887397	0	0.0423068484414328	0.0829066170888927	0.00412503446018653	0.0144640121905103	-0.0657722179065759	0.0122542310178206	-0.0100271765342376	-0.0175202285914547	0	-0.106614698575471	0.00192791162758728	-0.0186925495788561	-0.0648893363597111	-0.00811923838593696	0.0315832021599163	-0.148621659777663
MLL3	0.055921825574571	-0.188138751754739	-0.0581992148657259	-0.116371156424796	0.00905021243623206	-0.144627775859435	-0.085293520707286	-0.104519235571623	0.256803090513263	-0.0435446039638889	0.0111243951493372	0	0.101534256615469	0.107048298955683	0.0674314499005807	0.0693678710895229	-0.0998622266183608	0.0987957967062777	0.0307135140636964	-0.018354558019709	0	-0.174953244319748	-0.075141779478727	0.0898178187558181	-0.137814350244481	0.0610681490653498	0.0421054992920404	-0.133217341437936
NCOR1	0.0942916911850791	0.00216118548607758	-0.107334540318738	0.0273704558189612	0.114235323663758	0.0754610242270064	-0.0256600444671646	-0.0121740694906289	0.0309428267838673	0.143487083491062	0.0772866900430373	0	-0.0277137158874786	-0.0726592358942084	-0.00892377362393759	-0.0135172182896851	-0.0546462621216254	0.0570183184849672	0.0574211600828084	0.0325632099129005	0	0.0218612253496204	-0.0813150472903773	0.0956206911673752	-0.0388706008790704	-0.0541544742739263	-0.019628315842639	-0.00486480755923548
NegCtrl	0.00521279373686006	-0.0296692567160525	-0.000210303853297831	0.0337955760554651	0.020011151180558	0.0148375441830162	-0.00981513457388092	-0.0350354888392627	-0.0409135778095704	0.00135549824515341	0.00346538707471947	0	-0.0228605889829123	-0.0423973409571006	0.00165222585725266	0.0046605399133936	-0.0243858422245764	-0.0095903039325379	-0.0449026290849708	-0.0180720596437759	0	0.0154980466628926	0.0206892501090668	-0.0373153657154825	-0.00323870293058385	-0.0245638834296282	-0.0243206990542377	-0.0403745175199261
NF1	-0.085583596231879	0.0315431959085819	0.0280896461700401	-0.0387743310647673	0.0570960105445277	0.0840701556303869	-0.122087280290233	-0.0633913367113458	-0.0859632153021203	-0.0671081208511049	-0.0229062492853404	0	-0.0354640826947252	0.0687472263649685	0.0983903668235923	-0.0926927678645224	0.0673379200553591	-0.0409076862730982	0.0141979562513541	-0.021566436466865	0	-0.139072554861162	0.0227995095177471	0.102162641568067	-0.0479007111913459	0.145281768620504	-0.000682737050929863	-0.167944727623975
PTEN	-0.0472883695383689	0.0939852649787064	-0.0360706772101297	-0.0526871078364516	-0.0606441775442225	-0.0730798972293914	-0.11504457444604	0.0538355088947431	-0.0593127562907395	-0.0632332554021335	0.139767954482748	0	-0.112402131104033	0.0365011330126482	-0.0919415418237356	-0.0316844514012832	0.0708009335835424	-0.07255165866653	-0.053657587755338	-0.0170565411920987	0	-0.0600527307128628	0.00184275042742062	0.00570485397683328	-0.00493693878280684	-0.0163543523964665	0.0823632552901265	-0.135690751628295
PTPN22	0.0159728804377134	0.0294054654856908	-0.050609252202521	-0.132405628423864	0.00925584119060761	-0.0704404194176011	0.115060597815626	0.103135438864724	-0.150436622859445	-0.0450716956566155	0.152595791200519	0	-0.0610837250466781	0.103744564549736	-0.0645345601768004	-0.00560096216876143	-0.012306436647608	0.0281929926819647	0.101980467390766	0.0557382958485459	0	0.00243102207695296	-0.0350161017715788	0.0153018780940614	0.102036419493558	0.139107598866673	0.0878152556129716	0.126433089573648
PTPRD	-0.0218352946079259	0.0334902669698012	0.0137305444397844	0.0504354609469511	0.0321315140930393	-0.0480160268179957	-0.0593645855402518	0.0797528279381948	0.0425849694014568	-0.00657919726077054	-0.088813726636366	0	-0.0144928055411536	0.083599032571122	-0.0575061103293838	0.0454995484537274	0.143957567468852	0.0472032398436798	0.00957287185740017	-0.0180952196438091	0	-0.161699227760146	0.0398432064821838	0.0839213598378173	0.0301729462834216	0.0669858852385116	-0.0207841649507994	-0.0835046041394745
RAD51	0.0371723019211183	-0.102813086356516	-0.0105564911520063	-0.12146954132097	-0.0089102528676862	-0.128189600141958	-0.0249479822360708	-0.0920146983838609	0.019907858403857	-0.0198963529349821	0.00874875158941468	0	0.00567044055692296	-0.0474965009351745	0.0171113039253305	-0.0627216093615467	0.0141230295863662	-0.114099024764174	0.0537861107975476	-0.0235636096933292	0	-0.104458701156619	-0.0503979191062602	-0.0606332553145922	0.0564361578267395	-0.031159305648462	0.0620156838799613	-0.0983686827514714
RB1	-0.108824007330177	0.0225494771325109	-0.0136641379729866	-0.025983113625292	-0.0330974236929133	0.0850341837429289	-0.0139501239866145	0.157081215569573	0.176033640281738	0.0262871461978112	-0.000409740939251281	0	0.0445904993542538	0.0635582864175751	0.061622929392894	0.170078324210859	-0.0176818608424698	-0.0704325777783119	-0.025505822294869	0.0278178073611615	0	-0.0228729438876904	-0.145968866671282	-0.0137738621789775	0.0902367521711212	0.027014766025774	-0.0195650619097005	0.0901494439241983
RUNX1	0.0503108654015272	0.0590620855791235	-0.0109725495691916	-0.00231707719613892	0.00725497985934879	0.000849175176024331	0.0128095857198973	-0.0454066189446646	0.013076209174939	0.0182604154086677	0.0257915252555962	0	-0.0755240968777768	-0.00684877483317795	-0.0681900323990492	0.036622936124988	0.0877557916422777	0.0842819983801399	0.137117887225796	-0.0180464820948735	0	-0.0887731295217996	-0.153253394057531	0.0710639946530117	-0.0132830714242363	0.0171359951427023	0.0814782334260977	-0.0717728679642988
SETD2	0.0272060852065994	0.143830936231886	-0.0697541276158382	-0.0516204112966663	-0.0869736694118554	-0.0706588314523232	-0.0704645060824412	-0.0827638110785944	-0.0585859332375199	0.0523902640367255	-0.0198798957533779	0	0.0259679764266894	-0.0483498887724896	-0.0969181518307262	-0.0604533390218745	0.0683526931262319	-0.103168872865771	0.0668942707422974	-0.016049809397474	0	-0.0716195407335912	0.250875107435377	0.209133579418103	-0.0566944776417255	-0.0168267027044201	0.0103984027070857	-0.0859825292540986
STK11	0.0489097530622483	0.00232798529781213	-0.0117120851394915	0.0157901129824114	-0.0208610571457068	-0.0649523407126758	-0.0409346240993188	-0.0422907985602832	0.0375616500500599	0.0668247130783198	-0.0914753364083403	0	-0.158273399492703	0.0280444352667505	-0.128717014369094	0.0149350090828694	0.123628197988216	0.0269789988002277	0.0833959008201482	-0.0154111413391344	0	-0.132035508719382	-0.000873187772070326	0.0302581812685015	-0.0733037175097372	-0.174725462000598	0.0360638043649252	-0.116004147203358
TP53	-0.0542116879142447	0.207431000335891	0.0929824186048158	-0.122452507408446	0.0978147218020686	0.447409048997125	0.855079988677709	0.726886662945017	0.143543260502241	0.239439087349982	0.105381833269697	0	0.315715291608889	0.250072139306703	0.240265547668676	0.0674708074145089	0.0355288689926963	0.0869195993267061	0.0578257435008823	0.0337300837934627	0	0.739497675396155	0.0473947222594021	0.145254074488243	0.144691278924434	0.0519872142133775	-0.0227467019915918	1.47008112065703
