Perturbedgene	APC	ARID1A	ARID1B	ATM	BAP1	BID	BRCA1	BRCA2	CASP8	CDH1	CDKN1B	CHEK1	CTCF	GATA3	MLH1	NCOR1	NF1	PTEN	RAD51	RB1	RUNX1	SETD2	STK11	TP53	MKI67
APC	0.139662929883806	-0.0319617342607396	0.0124955235796109	0.125834123143615	-0.100960635303662	-0.227116288307531	-0.0714486951396682	-0.0404697368227408	-0.0717056445869405	0.0160570959151904	0.0458119641395278	-0.0449218988977552	-0.0548216265323861	-0.0767357617575653	-0.00639609797259151	-0.0598324327442454	-0.0353660536555487	-0.0697559261131407	-0.0586794118375881	-0.106309589740551	-0.0412920881143985	0.105175084389911	0.2137715926521	0.170590101892519	-0.0998113046203224
ARID1A	-0.0189994296799756	-0.0246581505885511	0.0335596392362266	0.051129438663356	-0.0752640013382249	-0.0709711104966443	-0.0505524051384372	-0.100716611189259	-0.0569024084024798	-0.0817245792749747	-0.0200594389853493	0.0384740084408014	-0.0379176469570808	0.0641493058188836	-0.0195102314554415	0.0544827958904292	0.0935420241040824	0.0368035120578815	-0.0475237401573595	0.0239179663582925	0.0595091945081359	-0.0932661289768326	0.0669969339049425	0.0139454045202247	-0.0441839544218112
ARID1B	-0.0194051078571007	0.036603832714805	-0.0184418984193022	-0.0358681329854501	-0.0580006885762467	-0.0229285650177281	-0.0732653388088894	-0.00788073453834033	-0.0146201288943476	-0.0537728913170346	-0.0396216172043301	0.0752650150112515	0.0291402839620269	-0.11000124868014	-0.0369221389053033	-0.0206276095646168	0.0545323884260834	0.0746822211468786	-0.000518261103238378	0.0658323807592831	0.0432512922766926	0.0960688574689763	-0.0577938250738183	0.0612052997103802	-0.00793631234961113
ATM	-0.0337046949716664	0.129204057013566	-0.0177146076390162	0.00312054207039184	0.115292969789414	-0.0710118412331424	-0.0615371238008492	-0.013357695377049	0.0243348457336608	0.0171211573355208	-0.0173220350757606	-0.0356864519615075	0.0907425535855104	-0.0205127977849525	0.0104180502208631	-0.0438278946863846	0.0321735579018548	0.0861470725394225	-0.0249903983356569	0.0182465777876687	-0.0480938974685669	-0.0714245784999623	0.141279784501467	0.156584295220921	-0.0602384900553426
BAP1	0.0326255066462701	0.109374584073664	0.140525961905457	0.00643962566426558	-0.0903101810824001	-0.0751721186010217	-0.0998312522110549	-0.0965149724449562	0.00375008492066721	-0.0305779191363885	0.046995330220292	0.0199178628430625	-0.0881789019081559	-0.0347993974469362	-0.0396628484852244	-0.000742891051480614	-0.00383069395438401	0.0857429228565802	-0.0469732529243613	0.0570871473048014	0.00380843642273652	-0.145523066468224	-0.075271998604932	0.00558236370352673	-0.0953199300555409
BID	0.0014271600301865	0.0240033136600946	0.0307954535237419	0.0315730101564001	-0.00631557607321988	-0.0399431017815868	-0.0541613353171908	-0.0477072845234388	-0.125599127011878	-0.0126538252378144	-0.0941567407366345	0.0196842503966145	0.025847107045443	0.0579902047976658	0.0243627249237161	0.0607050729801399	0.0966571901869441	0.0592347694234956	-0.0630061768959792	0.0639797386686653	-0.0671698549400528	-0.0535003914854655	-0.0455126988096331	0.0999469585298754	-0.0902032162373927
BRCA1	0.0487476190198992	0.0536145264030159	-0.0139624165188486	-0.0264097858981071	0.00892641687152426	-0.0567016964208559	0.00797386555087772	-0.0399297161555302	-0.0504824594519389	0.0196273571015963	-0.0374945090390839	-0.107370694740042	0.0982673059224006	0.00974835029931959	0.0342235981951326	0.0429428036060742	-0.0966723719411489	-0.113776255099485	-0.0206460115884059	-0.105458833512042	0.0134582716469298	-0.0493986704796638	0.0473456774820283	0.0617304247560779	-0.0236383698558199
BRCA2	0.00605466121272846	0.00264935760686613	0.0273481424242029	-0.00828531391720017	-0.0396620433332187	-0.00902053001650093	-0.0203136752442871	-0.0311852544842206	0.0965595669185249	-0.0801729097946026	0.00832643290173766	0.0100506710403821	-0.0222030982132869	-0.00848668783727776	0.00412650036107286	0.0447584956519427	0.0298987571536194	0.00483942487210842	-0.038451528116477	0.00612719930132659	0.00183332798516463	-0.0755587517232954	0.00397753166282586	0.0314235848931734	-0.0925657517121575
CASP8	0.0464720701686676	0.0449008893512829	0.0191113034926422	-0.0291406589282097	0.0232799478660614	-0.00807139313572948	-0.0406620501406433	0.0453769119765202	0.13541753697299	0.0290325702506657	-0.0567050791131731	-0.0396680347549318	-0.0275973622649579	-0.0546841608264051	0.036141085865553	0.0366988569921837	-0.0394653478537393	0.0488331631909149	-0.0366330569371484	-0.0164694077594141	0.0855793132703212	0.044762297228982	-0.00629684110540119	-0.0304583677072061	-0.0334220784284855
CDH1	0.0385205868892432	0.0636153510840242	0.0938601429368706	-0.0382706369993223	-0.0502423595701382	-0.0698813277420688	-0.0229253785274214	-0.0806236064229349	0.0129141312596649	-0.150366240903145	-0.0209509908584607	0.0894034637065469	-0.00882013081997758	-0.0715162784411252	0.118979881494672	0.00162813845087897	-0.0559089023481277	-0.00195992303959572	-0.0244952657208504	-0.160371649281657	0.0791263170380625	-0.181483641942312	0.0926943087370771	0.018188258334681	0.0383755706782299
CDKN1B	-0.0403894705635397	-0.00702613620046896	0.00316644213071919	-0.0625641663018049	0.0659992812294906	0.0374816512483147	-0.109719422078571	-0.0751385048659262	-0.0584190124404664	0.0333096011701541	0.0211641203717151	0.00301091723346091	-0.0036079362051061	-0.0287049457499618	0.0248131785252983	0.0872848869502191	0.0200766820527944	0.111311541327372	-0.0263480920814768	-0.0596935455927496	0.0880578006188206	0.0968705952110388	0.114561326777316	-0.00387962898848909	-0.0638312113645226
CDKN2A	-0.0759778666562416	-0.0673228086508535	0.0117194799130529	-0.0418788723168527	0.035841242071743	0.00894167530523393	-0.0886655797004317	-0.0286737618857022	0.0274242064262907	-0.00335129440545718	0.0312768899463463	0.0409742303349425	0.0782760799238693	-0.108431954921925	-0.0961950559596227	0.0197532868327073	-0.0610691896704045	-0.0241873384523378	-0.0777126694219037	0.0384820320605413	-0.060375803305326	-0.113394596046601	-0.0220124401646039	-0.0107407825133617	-0.0899302085900476
CHEK1	-0.0588780161181366	-0.0111667389434246	0.0761994714055796	-0.093962990011556	-0.0523865575554991	-0.0249751058888989	-0.0139243195027223	0.0149414647841755	0.105614581180346	-0.0792262103211869	-0.0576455552332675	0.0152706680382033	-0.0940230620452904	0.0537951298703364	-0.1513490969029	0.00112374635235729	-0.0852510181491654	-0.0118973798933605	-0.00602562411450342	0.050438807580915	0.00648779150136868	-0.0373398755310072	-0.0743269922463297	0.0278087513580471	0.0202724326532711
CTCF	0.0136143310086123	0.0686096647420069	0.0640659592219798	0.0291577597332802	-0.0750649601103067	-0.195162859579721	-0.121387356690203	-0.0359505817986416	-0.0144019457591016	-0.0530780504619554	-0.0170234855964417	-0.0626561178295065	-0.0388514449233091	-0.00237916920264909	0.0498514357735368	-0.0473527050542814	-0.0884792247686313	0.0309564825977894	-0.0494533034142401	-0.0643712629228914	-0.0214407519858155	0.0364422071607958	0.00740907635735614	-0.0594441598214277	-0.0799265481047892
GATA3	0.0988159375337225	-0.0240129048201884	0.0226489883407957	-0.0652217819810778	0.0040414644669876	-0.048666125914051	-0.0277405111237883	-0.0771471017822827	0.107407066393948	-0.0629780114241756	-0.00403883324919777	-0.0503091707174412	0.0532704249911565	-0.0393831137762658	-0.0127082988359987	0.0794459757452149	0.0555560661671629	0.133448018363241	-0.0455563671616478	-0.0228511612753661	0.0298745809808457	0.0200784246915625	0.0553426645275771	0.0320211196393359	-0.111105961268486
MLH1	-0.0505509288490368	0.0242665299503361	0.0748155482782266	0.0724963716204954	-0.0434266902619994	0.00734117982542555	-0.063841643987656	-0.00604996212897214	-0.0395387784269467	-0.118339940575468	-0.0506597559089514	-0.000582062914089171	-0.0139411999491258	0.00250261011568672	-0.0406032175337384	0.0742717724889309	-0.0245468697208905	-0.0230151029617701	-0.0309518096981968	-0.0922635525437391	0.051275020866759	0.00142948965945286	0.126121854881176	-0.0131831761936706	-0.00408960054749783
MLL2	0.0375270535728416	0.000169037958953961	-0.0131825611061842	-0.0714199914868402	-0.0799402837419582	-0.0934141090657174	-0.0496927685806214	-0.0636343142847459	0.0436850369558474	-0.0572267383265666	0.0735040974737714	-0.026356645750781	0.107362283249229	0.00905988754860462	-0.0129701713077182	-0.036623249912653	-0.0388248515590901	0.0391700569085866	-0.0451815690669608	-0.0188535528994668	-0.0291379724294295	-0.0621148487691549	-0.000701977031595795	0.0650363886911414	-0.084606385724529
MLL3	0.0179454754211637	-0.161671931543126	-0.0395237680290934	-0.0929522715209446	0.0759418663479439	-0.138862801605779	-0.0499714515715105	-0.0735002414408847	0.180452907667762	-0.0113626222682064	-0.0054520356457189	0.099336708903557	0.0672102979525989	0.0785357977845617	0.0532820512498957	-0.0748286330034672	0.0359946734373502	-0.0245002571361608	-0.0832243300381702	-0.0689814404236921	0.0739012451960413	-0.0716740182036935	0.153727734187944	0.0700048164343409	-0.0851764018830739
NCOR1	0.0740480371492675	-0.0222951134061141	-0.0871890276642428	0.000649343326508215	0.0830590197898222	0.059039997716682	0.0168776155175741	-0.0485659073075593	0.000433678212413372	0.140297053264997	0.0652463313885122	-0.00961658728477548	-0.0443188082227757	-0.0546461224834612	-0.0261326764153706	-0.0417740394269653	0.017863851310001	0.0171477499044015	-0.0167547164789232	-0.0518408347649445	0.109531758512291	-0.0758588459765508	-0.0498574360532688	0.00298197197023682	-0.00898045610905909
NegCtrl	-0.0426717756260306	-0.0862941497550708	-0.061799909375144	-0.0149496937913533	-0.0349787647813797	-0.0165850315037344	-0.0577940096205287	-0.083107132967686	-0.0567650314359985	-0.0439721643638961	-0.0584229223141192	-0.0431072528398772	-0.0673467250729426	-0.0212498501985364	-0.0523588129236283	-0.0546603672843304	-0.0294802139424781	-0.062519603002694	-0.109951193665314	-0.033953558999251	-0.0755263716760992	-0.0187900432007003	-0.0714796586631073	-0.088667483374217	-0.0912129134483173
NF1	-0.109557569681916	0.0489404099453376	0.0205107232265543	0.00316337907625749	0.0560779528537788	0.0663398198277572	-0.100886421510203	-0.0179805937253301	-0.0390938255645961	-0.0694860072686468	0.0153199325627643	-0.0123790484754707	0.0252636813740496	0.0726091187696846	-0.0671935727875809	0.0796563901878815	-0.0610519466150316	-0.0266730993933813	-0.0631833457124091	0.0420069775779175	0.0865011027840928	-0.0953970257338084	0.0979552129568361	0.00394119671397496	-0.110078079976205
PTEN	-0.0296393182649873	0.121696561719178	0.0388619418087547	-0.0262680775649154	-0.00609779958201024	-0.0845923940465622	-0.072958490791985	-0.0072789601882022	-0.0630093345672521	-0.0482825915361841	0.0894312811335175	-0.0771662550569748	0.0663539904231194	-0.0665594912425222	0.0117448243525113	0.0602779038724215	-0.0497396034581373	-0.0758382601919265	-0.0489510211700199	0.0049828535106615	0.0146715601934988	0.0120413062627408	0.011308731678983	0.112970560354916	-0.0813069427253295
PTPN22	0.00205178016147652	0.0533887553579246	-0.0150776434227764	-0.171160524951122	0.0215088603491456	-0.0147789375325041	0.0447997228654368	0.0318519113626607	-0.121339318772835	-0.0808779621460032	0.140156870854388	-0.0223256351679742	0.048344156086478	-0.0769219337215258	-0.0143764781857004	0.00230979035591759	-0.0178488660438498	0.0767814229692295	-0.0155028854624127	0.0197458153715859	0.0482753135373149	0.0141496662268685	0.0970195230882964	0.0532540535133579	0.102404646688634
PTPRD	-0.0374575940183549	0.0262067190151879	0.010725657593702	-0.00824738734257245	0.00635572316114707	-0.019426586649624	-0.0452005013598438	0.0387933653790546	-0.031407975162114	-0.0124309147624998	-0.0718646070221445	-0.000447421818393472	0.087024116583938	-0.0635714933673869	0.0697794640544026	0.151895606077072	0.0123483268771353	0.0132649678555671	-0.0624865084058683	0.0638981579906334	0.0877832988418432	-0.023140080846924	0.0415687738364603	-0.0098026078825974	-0.0677425724491936
RAD51	-0.00721091171631923	-0.0381241293115146	0.0160246571922419	-0.0957187183846543	-0.0254383218479446	-0.0870646441247916	-0.031377652955831	-0.0541862853032022	-0.0356595532124676	-0.00105153601586824	0.0290318707524295	0.0268544552292134	-0.022932607526619	0.0140301292764101	-0.00236608086251451	0.071065311834651	-0.11983261739343	0.0034936060415967	-0.0296994214423014	-0.0265700535330793	-0.079291090233606	0.0186163665848355	-0.0190026332122531	0.0619233952076109	-0.0490440520525023
RB1	-0.0129572411121708	0.0732392455132703	0.00905724555345513	-0.00406209307603823	-0.0244809652000496	0.0868134954247801	-0.0229309722699448	0.0749618825310974	0.140099290146241	0.072958011805207	0.00428431663263131	0.0206957282528569	0.0295285414147389	0.0198550553725314	0.170296781706405	0.0157970065486685	-0.0263346333950835	-0.00551220185534534	-0.0389373168280498	-0.107768294322617	-0.0204142752838972	0.0239435938071382	0.0348561802573218	0.00206646100135112	0.0480123010139334
RUNX1	-0.0068911221019225	0.0965017137077234	-0.00686630972934714	0.0504209578436705	-0.00908117428391953	-0.019023538671837	-0.0188477098876973	-0.034600029675609	0.0101507078504737	-0.00380790853269586	-0.0133030429091695	-0.0562772480994307	-0.00912052630156207	-0.0854796693626744	0.0547958376388749	0.0907599387427744	0.0893192915420233	0.0984963699279483	-0.0578651111706182	-0.137683231605514	0.0881650710360057	-0.0352681923025247	0.0160291709702845	0.0557434898018882	-0.0521712809691019
SETD2	0.0211521211217381	0.153103100540811	-0.0605044339053609	-0.0420540599291742	-0.107598603748473	-0.0774423703296036	-0.060413056453263	-0.0495793965704149	-0.0435474980422986	0.0708107123934968	-0.0383585639994362	0.00928771578826953	-0.0704916045753375	-0.100315991813228	-0.0432438705706672	0.0692097473955123	-0.120580393267248	0.0724784331575335	-0.0229198459506113	0.222196532011482	0.193093049683728	-0.0684942799078312	-0.00855040164162596	0.019171721701795	-0.0743334082951933
STK11	0.0777471696226337	0.0186753728822722	-0.00723736688012008	0.0341577652473939	0.0023285340402402	-0.054465592839136	-0.0540198537075979	-0.0422726856221159	0.0433000860237302	0.0507930247269154	-0.063567698417581	-0.153785912836215	-0.00116118246706104	-0.111263560329565	0.0259663394265662	0.137026091705269	0.0407090330512972	0.019809953199741	-0.0475283028899603	0.0185411647054739	0.0733443244807707	-0.0465834739684202	-0.13607352463308	0.044028541371592	-0.098383326034816
TP53	-0.0511624339469572	0.202335825168515	0.110503212158203	-0.106357941974494	0.0951772095802352	0.416526502528196	0.570683643383473	0.415291199507076	0.100083231463214	0.203791302318455	0.105179150640947	0.252195789206203	0.226596218764317	0.209339311613989	0.0800231577419238	0.0505592940182726	0.0790060536022305	0.0571953400010802	0.230728281552929	0.0768385476831898	0.135747156913628	0.146728579043718	0.0743982107971223	0.000950849452944139	1.00604423214914
